780
48 4 3
52 3 19
97 18 16
49 13 6
93 13 2
10 15 8
31 21 8
72 9 13
77 25 5
49 16 2
9 18 26
17 7 2
58 18 2
79 7 8
18 20 4
29 11 27
57 15 8
28 10 7
27 2 3
19 7 7
56 14 12
17 17 15
1 18 7
7 17 17
15 18 8
7 6 9
79 1 23
74 17 6
79 25 2
37 9 16
68 12 27
12 26 27
24 12 19
74 16 19
60 14 22
40 7 22
95 17 5
83 7 2
18 9 19
27 15 10
88 1 10
33 7 6
52 26 14
43 15 1
36 17 5
62 8 23
20 13 7
95 18 20
31 14 2
12 27 25
53 1 6
42 9 17
70 10 14
95 24 26
86 16 1
37 27 22
50 17 1
42 10 26
66 6 19
44 6 1
69 27 15
29 21 19
9 22 12
66 12 16
93 8 21
14 12 16
1 1 21
32 10 14
55 22 7
75 4 24
1 27 25
57 27 21
91 12 5
94 10 19
46 7 4
58 27 9
40 4 19
80 12 16
14 14 16
34 12 5
86 2 21
63 20 8
41 2 14
54 21 10
52 25 7
51 2 26
54 8 2
18 18 21
61 18 5
5 19 20
23 11 9
89 4 25
47 19 15
96 10 21
72 12 15
91 5 7
41 18 11
21 27 19
73 19 4
59 11 5
9 2 10
21 18 7
53 26 7
18 16 19
83 2 11
95 5 8
43 19 17
21 24 7
38 24 26
53 12 25
88 3 10
84 23 20
67 19 9
84 20 17
67 14 14
58 5 22
26 12 13
8 10 19
30 17 19
87 27 11
60 18 27
55 2 1
77 14 6
85 3 11
20 1 7
86 8 14
45 9 14
65 3 26
67 25 14
52 18 5
78 19 19
91 22 16
69 2 16
24 26 20
49 3 7
50 19 11
88 2 7
9 13 7
41 17 8
21 10 3
71 18 3
56 21 4
24 19 2
67 1 26
41 22 9
87 11 5
56 7 22
88 7 10
86 24 6
40 13 26
32 11 18
79 10 4
77 5 13
71 2 3
7 16 13
38 22 2
60 13 27
7 14 6
9 10 12
55 7 7
1 1 14
77 20 12
63 1 14
32 21 6
18 11 22
43 25 2
55 13 24
74 4 13
51 10 7
18 7 13
86 23 1
80 21 12
52 22 6
28 14 15
4 14 11
91 7 13
90 25 3
97 10 6
78 13 27
17 19 1
4 3 11
92 17 5
77 8 1
9 19 11
70 8 25
41 7 13
12 7 27
90 26 19
20 11 20
22 16 14
42 15 26
6 9 6
89 26 3
72 21 10
20 23 10
18 6 12
8 19 20
95 10 9
38 25 4
1 27 7
38 13 7
15 22 6
75 14 21
62 5 26
65 8 27
64 3 9
3 18 5
47 13 1
28 18 13
43 7 26
51 21 20
47 15 7
16 19 24
60 8 17
80 5 27
73 26 16
16 5 4
60 26 3
79 4 23
17 3 25
19 12 10
60 6 20
20 26 10
54 14 13
3 12 24
24 14 14
91 6 22
22 6 22
63 12 2
61 5 25
58 11 7
20 3 7
36 11 16
3 6 7
45 5 7
56 25 2
65 17 5
19 13 22
96 16 12
12 19 5
84 27 24
67 1 20
37 15 9
21 21 18
36 6 9
4 22 2
53 13 17
60 26 5
12 14 18
35 2 1
17 16 9
29 25 21
48 2 15
6 13 25
16 18 23
17 23 13
33 7 14
28 22 7
65 9 27
52 17 7
86 13 12
78 6 22
77 18 5
9 14 9
54 24 5
87 7 20
82 9 3
92 23 8
82 3 6
10 10 10
55 22 13
42 7 14
10 2 27
21 6 3
50 11 6
10 15 24
46 2 14
38 17 5
1 2 14
36 24 23
79 26 27
80 19 19
82 13 9
71 12 15
72 2 25
4 7 10
98 1 21
96 19 1
92 19 6
89 13 19
74 18 3
46 6 27
42 1 13
43 14 7
50 3 14
29 18 14
25 12 20
93 2 9
23 13 18
30 21 7
17 3 20
9 5 21
47 4 11
85 14 20
81 9 8
63 18 21
46 3 24
24 19 5
4 14 10
39 11 20
29 8 22
54 12 17
61 24 18
23 5 25
85 27 16
25 23 26
27 25 25
57 7 13
34 12 1
79 15 5
18 24 2
24 3 9
2 13 4
81 19 8
75 22 10
11 8 19
29 21 27
24 20 26
3 24 26
48 10 10
47 2 3
68 7 12
39 6 7
52 11 7
36 10 6
70 3 25
94 10 1
63 25 1
31 7 7
4 1 10
35 13 6
46 4 9
40 12 13
54 2 17
22 14 5
94 9 27
81 5 17
7 24 14
22 9 23
31 19 12
86 26 10
37 11 15
67 18 26
53 17 1
76 3 2
68 26 7
98 11 7
98 25 7
64 25 23
25 23 4
62 14 22
91 4 3
80 7 6
37 3 15
92 22 9
30 10 20
84 7 3
9 7 12
68 24 4
7 19 11
56 17 25
25 27 6
38 13 6
53 14 27
30 10 20
54 10 23
48 11 22
39 22 5
66 8 24
47 13 8
33 16 11
47 11 14
14 23 7
25 7 16
19 10 24
13 18 3
71 24 23
49 12 27
94 12 7
81 12 7
4 10 22
46 17 1
7 19 6
69 23 16
7 5 27
2 8 23
94 9 13
97 1 16
50 3 21
7 5 15
42 3 3
61 21 19
21 7 8
3 24 7
86 17 26
14 7 5
97 13 26
62 20 8
46 15 10
11 24 27
92 11 18
47 27 24
16 1 7
87 7 14
75 5 24
82 27 7
74 14 14
43 23 27
10 15 21
5 13 1
23 1 25
94 13 6
88 9 9
84 24 20
36 16 20
43 11 6
26 7 23
60 25 4
32 26 26
64 4 3
88 15 12
23 9 11
78 27 22
44 14 21
69 5 19
82 27 22
21 5 21
44 3 25
31 13 11
70 23 19
49 17 7
69 8 14
54 27 22
18 18 26
90 27 19
92 24 10
23 26 17
33 15 22
56 27 6
98 23 21
62 21 8
44 1 8
12 22 18
29 16 1
62 17 23
24 2 14
12 7 5
75 20 15
26 11 13
48 27 11
63 25 2
4 20 18
53 23 17
47 10 7
61 15 27
55 19 17
95 25 6
40 5 1
58 13 13
17 4 6
21 24 24
51 7 2
7 23 18
89 9 8
90 19 7
9 9 16
55 8 12
66 21 17
9 2 19
87 18 9
11 22 22
39 10 25
41 9 22
18 7 26
63 3 14
40 22 14
60 19 21
30 25 2
88 10 9
46 15 4
15 23 22
34 26 20
21 13 27
45 16 27
90 22 7
23 14 7
96 6 8
13 15 19
38 8 26
93 22 20
83 25 8
64 24 12
53 8 7
65 7 18
94 9 26
49 24 27
91 12 5
7 13 25
75 3 3
66 22 27
79 26 27
36 13 13
3 17 2
37 24 11
12 8 1
7 7 19
47 20 10
42 10 15
16 11 17
56 2 9
53 23 24
38 11 2
56 11 24
20 18 26
8 4 5
78 12 11
49 1 14
83 14 21
13 5 15
39 2 12
82 9 10
89 14 15
57 5 27
79 2 23
11 13 27
55 12 5
7 21 17
41 23 5
93 6 20
33 7 19
91 12 8
14 11 24
78 14 8
58 7 2
24 10 7
71 22 15
82 1 16
25 12 17
10 21 22
3 20 9
62 4 17
36 12 3
12 12 22
47 12 7
57 24 25
41 10 6
98 21 2
52 5 19
69 19 2
50 26 3
59 9 14
72 7 10
63 9 7
12 4 9
8 18 18
14 19 23
71 24 6
51 2 7
61 7 7
64 4 4
78 12 25
39 25 14
14 7 11
86 5 20
49 9 14
14 19 27
81 20 6
32 7 14
11 13 4
26 7 5
68 14 6
57 21 9
26 11 8
92 1 23
91 8 2
80 27 25
75 17 5
71 8 11
41 12 7
77 26 25
92 1 16
26 10 5
6 18 21
54 22 22
59 11 23
80 9 18
40 22 16
79 26 4
14 7 16
62 27 16
97 26 4
28 7 6
74 22 16
14 3 19
24 16 15
24 15 15
28 11 25
49 9 9
10 2 22
18 11 10
7 4 20
91 13 26
11 16 9
93 4 6
33 19 27
29 7 17
44 26 5
48 23 7
12 27 6
17 14 6
53 13 9
21 7 15
54 6 11
98 25 17
47 4 6
39 3 13
96 24 16
43 14 11
25 26 15
45 19 2
10 3 13
88 13 27
78 27 24
49 2 21
56 22 22
81 7 10
78 19 1
23 14 25
50 18 22
95 16 7
63 10 10
37 23 9
98 25 12
42 10 25
95 1 17
65 1 23
4 17 17
33 27 26
42 8 3
74 12 24
16 1 10
16 21 7
25 17 27
9 13 8
89 23 24
41 12 7
7 12 7
90 15 9
50 19 26
88 5 4
12 27 17
41 18 5
30 18 18
10 9 4
84 4 22
58 11 20
50 9 2
98 19 10
3 7 17
42 4 26
48 19 4
67 14 18
17 11 23
8 2 1
6 13 17
31 13 17
56 18 16
78 5 22
59 21 2
80 25 26
77 21 4
92 19 14
84 17 25
44 21 21
20 6 19
30 11 19
26 8 14
11 7 8
98 4 2
81 3 8
41 25 7
36 6 20
17 7 3
57 12 25
40 23 5
91 23 7
23 15 12
89 17 23
23 14 5
58 21 7
95 8 23
96 20 26
51 1 16
64 20 18
69 17 7
56 12 16
65 3 25
46 11 12
96 7 23
3 15 10
11 2 15
28 21 17
69 9 4
45 26 4
61 4 13
10 2 8
72 5 12
31 21 18
93 12 17
48 22 17
4 21 25
91 14 8
35 21 21
43 23 8
29 20 21
42 20 7
6 22 25
83 22 3
21 2 12
92 25 5
93 19 10
85 3 20
29 13 6
61 15 26
82 10 24
68 22 18
40 8 15
20 22 7
66 24 6
10 24 14
91 18 18
67 3 15
74 7 26
18 2 21
53 8 2
80 8 2
35 24 24
56 19 17
88 2 8
15 24 4
15 20 21
79 17 10
95 16 9
14 24 7
47 9 7
96 22 19
14 20 11
3 18 1
87 19 15
21 16 20
25 11 22
22 18 7
24 12 21
40 14 9
41 12 8
75 7 20
67 10 2
48 15 2
73 7 2
44 7 23
48 27 20
78 20 16
90 15 20
60 1 4
57 8 22
75 18 5
90 2 15
62 14 4
43 9 22
61 1 4
