757
46 7 19
19 20 24
95 25 8
95 13 26
95 24 11
81 2 25
89 12 26
4 7 16
82 26 3
89 13 3
53 21 16
49 10 4
19 4 17
44 19 17
8 22 9
15 27 22
65 3 7
7 17 20
71 3 27
46 20 5
52 21 22
80 6 17
39 27 20
11 16 12
42 15 8
16 3 13
95 8 17
49 25 8
55 16 7
9 7 19
64 11 22
81 7 7
57 6 7
84 27 21
75 26 5
11 21 4
41 3 19
16 9 24
62 18 1
81 6 13
15 25 19
93 1 22
44 21 25
46 9 22
5 18 17
43 13 1
22 19 21
96 20 11
87 27 20
17 21 23
46 24 23
93 6 7
93 2 6
98 9 11
78 13 14
89 3 6
48 18 16
49 6 1
7 7 20
46 13 8
20 15 12
16 7 17
7 12 5
44 8 7
49 10 26
32 10 12
93 11 15
1 10 8
2 6 14
36 6 7
98 7 11
87 7 13
41 2 5
56 26 25
23 7 20
61 12 18
50 21 2
49 22 3
90 26 16
7 7 21
16 12 27
68 25 11
65 16 8
55 25 26
85 3 13
45 11 9
85 7 19
21 3 15
9 16 1
50 16 24
88 10 10
23 7 7
1 11 27
33 16 9
19 6 17
33 16 25
12 26 27
89 9 20
7 24 13
3 21 8
50 23 18
64 2 3
18 19 21
39 27 13
47 6 19
43 26 27
55 27 3
97 13 5
93 5 27
31 5 16
7 17 7
25 8 20
67 5 21
83 8 1
26 4 14
31 13 14
54 4 6
64 27 7
49 11 12
9 22 24
91 8 10
33 11 19
21 12 10
93 14 16
37 17 11
4 14 16
32 13 6
79 5 21
88 26 24
85 3 17
55 25 12
75 16 5
68 16 9
66 17 19
75 14 3
26 25 5
83 7 14
18 6 8
91 9 3
82 18 3
81 15 12
7 24 11
95 5 1
40 24 18
16 23 19
85 15 3
13 24 8
40 18 10
38 19 24
48 14 3
92 22 5
29 2 25
27 14 17
10 15 5
38 20 13
97 23 1
83 4 15
18 20 8
81 7 10
93 12 14
86 18 8
44 21 27
65 26 15
2 5 19
48 7 6
59 2 11
61 23 5
11 4 25
58 20 18
43 5 5
65 8 2
64 25 20
70 22 1
38 7 7
19 18 20
89 9 5
98 12 15
1 22 19
94 23 10
25 16 27
81 14 1
33 11 19
70 4 1
30 25 17
2 26 25
90 17 22
66 5 10
94 7 24
1 25 7
12 15 7
45 21 6
51 10 18
72 15 27
86 22 27
49 19 7
81 26 18
87 12 1
2 2 24
98 27 13
25 10 20
38 7 24
74 21 20
94 9 8
14 16 8
26 6 18
36 27 23
69 11 20
86 17 7
10 18 15
44 8 1
21 27 17
49 11 22
40 9 16
5 15 10
74 4 17
30 13 6
62 21 10
79 13 26
18 8 14
65 10 26
56 23 7
72 10 21
34 14 5
4 25 11
66 8 1
30 27 24
97 23 27
40 1 5
98 11 5
2 16 25
44 18 14
78 21 16
50 8 6
67 26 23
84 17 24
24 13 10
22 27 19
58 7 17
78 10 10
17 18 14
3 9 25
35 25 19
31 26 21
98 23 1
77 2 4
92 18 18
30 24 12
22 5 10
16 10 20
82 10 14
86 17 17
14 16 15
31 14 7
26 22 1
96 7 16
71 7 22
56 18 10
89 23 14
93 11 24
25 13 26
1 17 16
16 5 6
92 24 22
44 12 15
80 19 2
73 25 2
21 17 3
11 2 4
41 2 24
9 1 25
9 13 18
40 10 26
92 3 7
84 15 11
45 13 13
79 12 7
68 27 23
76 3 19
97 22 23
69 17 2
28 10 23
97 1 25
53 4 10
64 10 11
14 10 19
53 23 19
13 26 22
49 26 27
81 4 14
76 19 14
95 7 18
4 9 15
22 19 5
46 12 19
70 13 1
74 19 6
73 9 7
39 2 4
75 8 5
9 18 7
79 10 1
38 19 23
57 5 11
83 15 5
50 10 19
5 27 25
67 12 6
24 3 1
97 11 12
81 3 15
69 3 25
6 21 26
23 4 23
22 22 12
80 21 22
67 14 17
3 12 12
77 7 16
96 10 9
3 8 5
48 14 13
7 10 23
55 27 7
67 23 9
98 3 8
38 10 1
38 8 12
87 14 13
35 9 4
14 16 5
7 9 17
75 21 11
39 8 22
44 5 7
58 18 22
49 11 6
9 10 27
1 12 3
89 27 3
79 6 22
54 23 15
79 9 4
75 3 15
39 17 5
86 7 25
48 19 25
17 7 24
89 9 7
6 3 20
70 1 7
98 22 9
67 23 14
15 7 4
64 18 5
2 19 11
27 10 20
80 8 17
90 2 19
91 23 11
79 9 19
29 19 15
35 4 9
52 11 15
93 15 9
32 10 12
71 24 27
76 7 14
12 1 12
59 13 10
77 19 7
85 1 13
21 2 16
44 13 7
90 13 10
78 22 8
48 9 9
61 6 7
68 19 10
96 19 1
22 4 27
38 24 8
50 23 7
4 15 19
57 5 20
5 23 13
71 24 5
54 2 22
18 14 7
24 7 20
44 17 26
61 4 1
14 8 18
80 7 27
43 13 5
38 27 24
62 20 21
80 10 17
12 27 20
15 23 20
16 12 20
52 13 20
35 19 13
12 8 20
43 7 7
75 16 7
78 9 11
74 15 9
84 1 12
51 11 22
68 12 19
35 25 24
77 21 18
27 21 25
80 18 11
29 1 19
49 9 12
97 26 5
22 22 18
11 9 18
94 11 4
94 6 5
89 11 25
12 8 11
26 7 8
68 15 8
75 8 8
73 5 20
8 16 24
15 20 14
6 3 4
8 14 23
78 18 10
7 13 5
69 2 23
14 2 23
63 18 3
72 9 13
57 27 25
95 12 22
68 1 27
20 6 27
33 7 26
35 21 22
91 6 24
10 7 9
75 21 5
26 12 16
97 27 2
34 17 5
10 4 24
58 7 18
36 5 25
67 7 25
61 11 20
40 14 8
26 14 26
40 8 6
63 20 26
53 21 26
73 7 27
74 14 7
36 16 10
25 6 24
88 22 6
69 18 8
77 20 15
17 24 14
20 6 16
62 10 8
86 27 23
9 19 6
97 9 6
86 7 12
44 3 21
81 11 19
21 14 12
29 25 22
92 1 9
83 19 3
29 19 1
14 5 23
29 9 3
63 11 11
42 24 7
28 13 26
42 2 15
80 12 21
93 21 16
93 19 1
35 10 20
53 18 19
30 17 12
11 14 18
35 5 18
72 7 27
8 20 3
91 11 23
50 2 16
34 6 15
71 15 17
86 10 21
72 14 14
14 5 10
38 17 5
35 11 23
78 17 7
45 14 6
43 24 24
41 22 18
39 21 7
22 7 15
39 5 3
93 17 17
69 18 12
83 2 8
32 16 18
71 26 1
65 27 27
2 8 6
82 4 5
90 21 1
20 2 9
38 6 18
63 6 27
81 8 3
83 14 12
86 1 3
68 8 3
53 7 22
74 7 3
60 3 3
5 4 12
93 25 5
68 4 1
43 13 21
26 2 12
5 17 18
12 7 25
80 4 19
60 10 22
7 5 7
64 2 20
98 13 13
96 25 14
94 17 9
18 23 22
55 24 10
51 26 2
1 6 23
4 7 3
4 15 26
16 24 23
53 17 26
38 19 1
53 19 12
87 11 2
57 26 5
6 13 25
41 19 13
76 6 16
4 9 27
35 21 3
76 13 17
21 23 23
41 12 6
74 8 12
69 9 12
72 6 2
97 1 27
16 25 2
27 15 20
92 11 7
4 5 20
71 8 23
3 3 9
42 11 23
90 10 17
56 7 26
1 15 25
64 24 22
28 21 2
82 13 15
24 25 21
90 3 7
59 12 4
13 9 20
30 6 1
34 14 7
14 22 19
76 7 20
44 7 16
8 15 23
50 27 27
15 26 24
47 22 11
47 15 15
97 18 2
38 6 3
94 23 18
59 18 20
71 24 12
58 7 6
7 7 6
86 7 15
11 7 25
4 6 7
58 10 26
87 7 10
21 7 24
65 22 7
29 5 24
59 19 19
75 12 8
73 10 7
31 14 9
73 7 5
48 16 15
57 25 19
84 27 16
59 20 8
39 19 20
14 11 14
36 19 17
9 1 3
57 25 18
92 22 22
22 3 9
30 16 27
39 19 7
53 7 7
57 7 7
42 23 18
45 5 7
4 27 10
29 10 24
7 2 5
21 26 1
56 1 16
25 22 16
19 14 14
81 20 9
24 25 5
28 3 16
43 8 17
77 18 11
91 14 1
33 10 19
6 26 10
20 20 12
89 15 21
16 17 13
40 26 15
29 18 22
85 11 2
92 8 3
2 25 10
53 11 12
43 6 6
34 7 4
43 2 13
53 8 19
60 23 19
27 4 22
45 11 7
97 16 7
17 17 5
84 11 12
41 16 3
36 22 14
68 16 26
94 10 4
91 14 21
27 18 18
4 4 24
75 8 8
49 1 20
71 23 9
3 8 2
67 16 2
96 2 23
32 17 1
17 3 3
9 18 6
74 10 25
90 26 12
3 3 7
27 26 15
79 3 10
22 26 22
39 22 15
2 8 12
74 1 15
36 7 21
47 2 8
13 23 7
66 7 10
67 9 4
56 8 3
51 17 6
7 21 11
67 12 19
27 12 2
96 15 10
33 12 13
74 24 26
77 26 25
32 26 17
29 7 12
12 20 5
18 24 20
8 25 7
33 21 27
2 17 23
50 27 16
32 16 12
83 22 21
38 27 14
30 20 4
82 5 13
5 12 25
9 21 14
51 1 25
26 13 12
39 21 14
90 27 4
48 19 25
54 17 15
75 13 19
49 17 22
77 21 8
88 25 15
14 25 22
33 10 12
65 8 17
92 25 9
45 25 27
95 18 5
12 12 19
41 19 6
56 20 21
55 12 19
94 20 22
63 1 5
68 1 12
4 27 19
91 18 7
39 12 6
11 25 17
97 1 4
70 10 15
37 20 8
15 22 1
17 20 22
44 23 13
94 25 20
72 22 22
34 13 22
