99
31 31 5
71 17 45
32 5 28
89 78 78
95 4 58
58 60 14
73 19 41
74 1 47
31 27 19
92 69 17
96 16 49
47 52 23
30 15 22
79 33 30
45 84 22
82 57 16
46 91 3
56 61 38
33 12 17
93 5 65
64 7 48
96 71 43
43 24 26
80 49 46
46 96 8
97 44 8
70 7 64
83 3 63
59 24 34
60 25 1
72 70 50
67 14 49
57 69 6
81 6 70
79 41 76
32 28 15
38 95 33
55 76 41
60 59 19
11 54 5
29 74 12
97 48 37
62 26 24
72 10 55
69 81 66
52 55 22
77 38 36
43 79 23
16 6 10
90 77 56
91 73 41
33 70 10
86 95 33
82 87 76
44 9 34
71 7 52
38 11 17
12 34 5
97 95 39
76 20 17
65 94 37
41 60 40
28 69 6
29 87 8
89 24 79
77 1 6
85 13 19
54 50 0
88 26 13
52 21 7
51 46 20
84 54 65
32 45 30
76 90 48
93 85 18
87 77 49
41 18 31
74 25 58
85 85 45
46 96 43
96 46 19
50 75 39
12 87 1
77 46 55
38 72 19
28 6 26
45 21 31
48 91 44
69 68 20
74 36 50
25 13 18
53 69 15
59 68 6
77 39 39
19 94 16
30 46 3
92 20 10
34 35 19
92 56 61
